modelorr=[-3.47332 -0.180927 16.4141; 
1.68186 0.170496 15.7771; 
1.78579 -0.670486 16.1056; 
1.59682 -0.338548 15.8577; 
-4.51881 -0.886886 17.0518; 
-1.12844 0.320667 15.6504; 
-4.92589 0.200578 16.9253; 
-0.684498 0.448603 15.6356; 
-2.45455 0.315516 16.1014; 
-4.46557 -0.729629 16.998; 
-2.76636 0.558538 16.2025; 
-3.23456 -0.590148 16.4034; 
-0.436233 0.500234 15.6492; 
-0.181213 0.187537 15.8392; 
-3.37851 0.687458 16.3549; 
-0.0510156 0.561718 15.5981; 
-3.04819 -0.699922 16.3751; 
-2.73639 0.155619 16.1218; 
-0.283114 0.456882 15.632; 
-2.49621 0.241992 16.0892; 
-2.69241 -0.482579 16.2018; 
-3.20131 -0.636851 16.4184; 
-2.30036 0.383465 16.064; 
1.91337 -0.330465 15.9891; 
-2.89865 0.51987 16.1963; 
-3.09927 -0.68027 16.4047; 
1.88755 -0.0314129 15.8422; 
-0.21992 0.552044 15.6248; 
-2.64733 -0.191022 16.1355; 
1.92906 0.00388908 15.8492; 
-4.8402 0.226773 16.8926; 
-0.164242 0.433729 15.6414; 
-0.156621 0.366988 15.6777; 
0.0682005 0.311422 15.8429; 
-2.5173 0.309694 16.1102; 
-2.888 0.573246 16.2015; 
-2.87261 -0.961116 16.4496; 
-2.2294 0.541858 16.0682; 
-0.0249308 0.3919 15.7116; 
-2.83633 0.371514 16.1724; 
-3.41825 -0.371629 16.4192; 
0.357195 0.477417 15.5617; 
-0.640897 0.571777 15.6479; 
-2.63481 0.458257 16.1479; 
0.0135819 0.6534 15.6116; 
-0.65922 0.637375 15.6674; 
0.66918 0.592047 15.5805; 
-2.31885 -0.269547 16.0492; 
-1.73063 0.376598 15.8722; 
-1.10254 0.390599 15.6728; 
0.324403 0.46606 15.5982; 
-0.0777387 0.379044 15.7154; 
-0.427839 0.645926 15.6765; 
-3.09008 0.539811 16.2864; 
0.351376 0.592188 15.5966; 
0.0356843 0.5888 15.6361; 
-2.58114 0.695803 16.1555; 
0.16084 0.609243 15.5507; 
-0.202908 0.414393 15.6347; 
0.0834888 0.560566 15.6063; 
-0.138748 0.572615 15.6075; 
-0.0643996 0.608107 15.5924; 
0.3219 0.53197 15.5597; 
-0.0100836 0.609127 15.6165; 
-0.243988 0.499757 15.6321; 
-0.301689 0.507274 15.6527; 
-0.197456 0.319046 15.6619; 
0.366171 0.575834 15.6006; 
-2.83714 0.729058 16.2406; 
0.102173 0.704143 15.5873; 
-0.659412 0.732639 15.7391; 
0.0450674 0.712322 15.605; 
0.360322 0.667748 15.6421; 
-0.133723 0.75995 15.6574; 
0.315405 0.717245 15.6263; 
-0.265492 0.788036 15.669; 
-0.286 0.810163 15.6804; 
0.79638 0.767182 15.678; 
0.121208 0.760451 15.6046; 
0.674108 0.754214 15.7141; 
0.0187527 0.849212 15.6554; 
0.463301 0.812739 15.6979; 
-0.152316 0.811097 15.6752; 
-0.411372 0.789987 15.7156; 
0.413762 0.77303 15.6758; 
-0.338755 0.781786 15.6903; 
-0.35907 0.878318 15.7701; 
0.0464803 0.911834 15.6827; 
-0.0966446 0.874428 15.684; 
0.19604 0.856333 15.7045; 
0.360294 0.7459 15.6756; 
0.635273 0.774543 15.7498; 
-0.50544 1.70049 16.1384; 
0.0220212 0.892151 15.6701; 
-0.0251472 0.927956 15.7063; 
0.590489 0.831043 15.7399; 
-3.56648 1.37199 16.7448; 
-3.09872 1.74235 16.7319; 
-2.05813 1.08623 16.1573; 
-0.325484 0.818326 15.7527; 
0.671786 0.820069 15.732; 
-1.33996 1.78262 16.2856; 
-3.3349 1.1538 16.5426; 
-2.86897 2.39497 17.0205; 
-2.14621 2.70119 17.2149; 
-3.47561 1.21932 16.6009; 
-0.264787 1.97655 16.3379; 
-1.83065 1.8648 16.4149; 
-0.28038 1.9773 16.3378; 
-2.79685 2.36717 17.0131; 
-2.17711 1.52077 16.3198; 
-3.37847 2.75018 17.8559; 
1.1516 2.7546 17.7424; 
-2.70863 3.43498 18.5415; 
-1.6351 3.09226 17.496; 
-0.044404 1.08932 15.8284; 
0.588834 3.34938 18.3823; 
-1.70307 3.80037 18.5722; 
-1.68449 3.79885 18.5661; 
-0.672218 3.81278 18.7276; 
-0.754609 3.8422 18.7167; 
-1.72799 3.89799 18.765; 
-2.70634 -0.625419 16.2301; 
-2.79665 -0.75318 16.305; 
-3.90758 -0.744767 16.7996; 
-3.77075 -1.47746 17.1523; 
-4.12549 -0.801959 16.9356; 
-2.87541 -0.202033 16.2086; 
1.94068 -0.88663 16.3736; 
-3.00927 -0.311193 16.2662; 
-3.45015 -0.280057 16.4171; 
-3.41794 -0.21333 16.4; 
1.78388 -0.466045 15.9887; 
-3.61496 -0.0835292 16.4502; 
-3.30007 -0.0245056 16.3128; 
-3.3634 0.0888878 16.3227; 
-4.9175 0.192356 16.9222; 
-3.02685 -0.169969 16.2474; 
-2.93615 -0.153811 16.2224; 
-3.00039 -0.249724 16.2404; 
-2.30503 -0.0724093 16.0418; 
-3.6414 -0.174548 16.4661; 
1.90167 0.0872173 15.8277; 
-3.33035 0.177488 16.3078; 
1.59746 -0.204295 15.8155; 
-2.64197 -0.0519138 16.1113; 
-2.8515 0.299208 16.1868; 
-0.0940463 0.3496 15.7154; 
-1.1297 0.297661 15.6532; 
-2.14616 0.102634 16.0198; 
-2.64046 -0.131765 16.1158; 
-4.54644 0.448197 16.7588; 
-0.094038 0.333061 15.7234; 
-3.21 0.211767 16.3004; 
0.2791 0.245839 15.842; 
0.269808 0.430967 15.6491; 
0.225281 0.322956 15.8134; 
0.0121712 0.455434 15.6802; 
-2.49423 0.484291 16.0836; 
-3.35106 -0.295271 16.3877; 
-4.97249 0.240141 16.9059; 
-1.16027 0.426613 15.702; 
-2.32716 0.591173 16.0852; 
-3.87464 0.572352 16.5094; 
-2.90506 0.572661 16.2114; 
-3.00709 0.547665 16.2572; 
-0.746547 0.541852 15.6367; 
-3.10306 0.609243 16.3009; 
-2.57728 0.386146 16.1393; 
-0.0515153 0.522455 15.6104; 
0.0550935 0.568165 15.6162; 
-0.673369 0.522743 15.6372; 
0.102361 0.446206 15.7553; 
1.73775 0.387836 15.7947; 
-0.219282 0.567049 15.6244; 
-2.81014 0.672969 16.2391; 
-0.712681 0.611145 15.6618; 
1.89701 0.51187 15.889; 
-0.420769 0.638055 15.6763; 
-0.00178892 0.670933 15.599; 
0.100903 0.642974 15.5987; 
-0.661397 0.705011 15.7216; 
-0.344121 0.719691 15.652; 
-1.15479 0.819757 15.797; 
0.20803 0.758094 15.5865; 
-0.257653 0.70366 15.6253; 
1.175 0.655472 15.7416; 
0.384145 0.688329 15.6467; 
-3.2018 0.965249 16.3902; 
-0.829502 0.894872 15.7795; 
0.0990476 0.838739 15.6445; 
0.420808 0.836166 15.7097; 
0.0337601 0.794819 15.6059; 
0.801431 0.74559 15.6681; 
0.562074 0.775233 15.7149; 
0.349662 0.804592 15.6915; 
0.300962 0.850446 15.7068; 
-0.0380073 0.85662 15.6814; 
-2.67625 1.0205 16.2791; 
-0.932207 0.929103 15.7913; 
-0.0754876 0.936173 15.7239; 
0.1662 0.873557 15.6993; 
-2.94834 1.01297 16.3362; 
-0.35562 0.945296 15.7758; 
0.641927 0.860213 15.7249; 
0.276708 0.932093 15.7272; 
-0.157774 0.924951 15.7292; 
-3.25145 1.15966 16.5195; 
0.812523 0.8604 15.7095; 
-0.157807 1.01023 15.7744; 
0.0243658 1.03737 15.783; 
-3.24517 1.28482 16.5355; 
-3.34467 1.07675 16.5234; 
0.0325762 1.04405 15.7872; 
-3.7224 1.43625 16.8555; 
-2.06821 1.19328 16.1744; 
-4.72621 1.85133 17.8789; 
-3.3259 1.54068 16.6816; 
-1.54695 1.44442 16.1673; 
-0.949596 1.29023 15.9752; 
-2.37241 1.66542 16.4175; 
-0.301604 1.69241 16.0856; 
0.228868 1.8832 16.306; 
0.313776 1.16866 15.8297; 
-1.92562 1.83071 16.4089; 
0.230963 1.09329 15.7935; 
0.368257 1.80773 16.2535; 
-3.70286 3.05082 18.4735; 
-1.8358 3.15341 17.6301; 
-2.58333 2.90256 17.6832; 
-3.36249 2.74972 17.8623; 
1.38838 2.75159 17.8773; 
-1.75996 3.27895 17.7532; 
1.12839 2.77387 17.7581; 
1.56367 2.74531 17.9059; 
-1.74467 3.04364 17.4494; 
-2.67391 3.50772 18.6578; 
-2.54836 2.98821 17.7213; 
-3.55366 3.06729 18.4117; 
-1.72976 3.14383 17.5676; 
-1.95688 2.82915 17.3158; 
-1.89849 3.47601 18.1333; 
-2.48052 3.64385 18.6519; 
-1.69595 3.37717 17.9215; 
-1.84007 3.71685 18.5009; 
-0.525598 3.76129 18.7301; 
-0.935651 3.74028 18.4904; 
-1.46856 3.94133 18.83; 
-1.20565 3.96713 18.8303; 
1.83277 -0.413425 15.9898; 
-3.56584 -0.234324 16.4596; 
2.51738 -0.427716 16.5873; 
-2.62701 -0.156564 16.1174; 
-4.54452 0.429249 16.7735; 
1.31892 -0.0627064 15.694; 
2.14324 -1.10322 16.797; 
-2.90088 -0.451604 16.2563; 
-2.74814 -0.481638 16.2114; 
-3.6301 -0.345338 16.5329; 
-1.79611 0.791832 15.9874; 
-3.39853 -0.128341 16.3752; 
0.240209 0.66934 15.515; 
-0.17244 0.7326 15.6537; 
-3.20931 0.116378 16.3001; 
0.0274634 0.33507 15.8071; 
-0.335179 0.353791 15.5922; 
-2.75557 0.42228 16.1697; 
-1.91755 1.83044 16.4052; 
-2.78123 0.581722 16.2098; 
-2.78694 0.671871 16.2379; 
-2.77118 2.39845 17.0186; 
-2.51366 1.79992 16.5535; 
-3.31999 -0.192377 16.3889; 
-2.64765 2.42502 17.0182; 
-0.0603133 0.942958 15.7231; 
0.174574 0.879967 15.7049; 
0.167688 0.771162 15.6179; 
-3.24279 1.16727 16.5181; 
1.7422 -0.469653 15.9805; 
-2.32099 0.560572 16.0802; 
1.85279 -0.587574 16.0799; 
0.424627 0.863703 15.7299; 
-2.73022 0.05799 16.1371; 
1.78462 -0.291432 15.9162; 
1.61559 -0.231565 15.8288; 
-3.18255 -0.776627 16.4767; 
-3.25773 1.46887 16.6295; 
