<?xml version="1.0" encoding="UTF-8"?>
<document version="1.2.0">
  <chunk>
    <sensors>
      <sensor id="0" label="unknown" type="frame">
        <resolution width="1920" height="1090"/>
        <property name="fixed" value="true"/>
        <calibration type="frame" class="initial">
          <resolution width="1920" height="1090"/>
          <fx>1500.4413409221845</fx>
          <fy>1519.8323991841833</fy>
          <cx>944.93377994779996</cx>
          <cy>557.21235238109637</cy>
          <k1>-0.062464694957608272</k1>
          <k2>-0.28494051622905037</k2>
          <k3>1.1306322344795132</k3>
          <p1>0.001162665621286836</p1>
          <p2>-0.0032169775400947712</p2>
        </calibration>
      </sensor>
    </sensors>
    <cameras>
      <camera id="0" label="vlcsnap-2016-10-29-18h09m32s365.tiff" sensor_id="0" enabled="true">
        <transform>1.0000000000000000e+000 0.0000000000000000e+000 0.0000000000000000e+000 0.0000000000000000e+000 0.0000000000000000e+000 1.0000000000000000e+000 0.0000000000000000e+000 0.0000000000000000e+000 0.0000000000000000e+000 0.0000000000000000e+000 1.0000000000000000e+000 0.0000000000000000e+000 0.0000000000000000e+000 0.0000000000000000e+000 0.0000000000000000e+000 1.0000000000000000e+000</transform>
      </camera>
      <camera id="1" label="vlcsnap-2016-10-29-18h09m50s646.tiff" sensor_id="0" enabled="true">
        <transform>9.8065832132366837e-001 8.3652887617283969e-002 1.7695042020841525e-001 -6.3823046802378802e-001 -2.9578771965168695e-002 9.5702161857159151e-001 -2.8850427697981129e-001 9.7229834630707879e-001 -1.9347959341407875e-001 2.7769014382923496e-001 9.4098556362593655e-001 3.5963952493310103e-001 0.0000000000000000e+000 0.0000000000000000e+000 0.0000000000000000e+000 1.0000000000000000e+000</transform>
      </camera>
      <camera id="2" label="vlcsnap-2016-10-29-18h10m00s935.tiff" sensor_id="0" enabled="true">
        <transform>9.3245245456871495e-001 9.8973438853152240e-002 -3.4747183824068373e-001 1.3846655851078524e+000 -2.2487548801622836e-001 9.1173311175539107e-001 -3.4376408744703785e-001 1.1976499970117775e+000 2.8277806643769543e-001 3.9868156632883450e-001 8.7240447833063395e-001 1.0045076033303879e+000 0.0000000000000000e+000 0.0000000000000000e+000 0.0000000000000000e+000 1.0000000000000000e+000</transform>
      </camera>
      <camera id="3" label="vlcsnap-2016-10-29-18h10m12s098.tiff" sensor_id="0" enabled="true">
        <transform>7.0604017188654333e-001 2.2297635980499847e-001 -6.7215237755328383e-001 2.5002798376977915e+000 -5.0317853252699418e-001 8.2582985960656763e-001 -2.5459066633751021e-001 7.5104068923100220e-001 4.9831580356878202e-001 5.1796388479343691e-001 6.9526597354055120e-001 1.5638434088913704e+000 0.0000000000000000e+000 0.0000000000000000e+000 0.0000000000000000e+000 1.0000000000000000e+000</transform>
      </camera>
      <camera id="4" label="vlcsnap-2016-10-29-18h10m21s037.tiff" sensor_id="0" enabled="true">
        <transform>5.4067731982173151e-001 2.8021911111296538e-001 -7.9318679111382628e-001 2.8153456332204012e+000 -5.8884135004780147e-001 7.9944718249582225e-001 -1.1895405362312855e-001 3.5316246753481612e-001 6.0077774617929347e-001 5.3137693981443257e-001 5.9724755966782928e-001 1.9985646609750889e+000 0.0000000000000000e+000 0.0000000000000000e+000 0.0000000000000000e+000 1.0000000000000000e+000</transform>
      </camera>
      <camera id="5" label="vlcsnap-2016-10-29-18h10m28s404.tiff" sensor_id="0" enabled="true">
        <transform>4.4213197746604538e-001 3.2911073815774350e-001 -8.3438925959723964e-001 3.2880770932375913e+000 -5.8792847310928131e-001 8.0887803204058906e-001 7.5126419808995426e-003 -3.1808091613509898e-001 6.7739163340666797e-001 4.8723962411877930e-001 5.5112441760389941e-001 2.4293938752187305e+000 0.0000000000000000e+000 0.0000000000000000e+000 0.0000000000000000e+000 1.0000000000000000e+000</transform>
      </camera>
      <camera id="6" label="vlcsnap-2016-10-29-18h10m41s805.tiff" sensor_id="0" enabled="true">
        <transform>2.6102689891038566e-001 5.5269559975736382e-001 -7.9144963961965076e-001 3.2738764089492944e+000 -6.2226809789276960e-001 7.2313619142867624e-001 2.9976067619176355e-001 -1.4885522473594144e+000 7.3800228481363239e-001 4.1424826210242177e-001 5.3268283711321263e-001 1.9568017003540707e+000 0.0000000000000000e+000 0.0000000000000000e+000 0.0000000000000000e+000 1.0000000000000000e+000</transform>
      </camera>
      <camera id="7" label="vlcsnap-2016-10-29-18h10m56s119.tiff" sensor_id="0" enabled="true">
        <transform>2.0746563459379438e-001 5.1284170456527256e-001 -8.3303745205193491e-001 3.1877817681337519e+000 -6.3563471198343791e-001 7.1797111325784257e-001 2.8370053480567486e-001 -9.8981737367040290e-001 7.4359029269102617e-001 4.7064940941839045e-001 4.7493432180649375e-001 2.7100134411375150e+000 0.0000000000000000e+000 0.0000000000000000e+000 0.0000000000000000e+000 1.0000000000000000e+000</transform>
      </camera>
      <camera id="8" label="vlcsnap-2016-10-29-18h11m03s270.tiff" sensor_id="0" enabled="true">
        <transform>5.0833404408413763e-001 4.8801672432545706e-001 -7.0953236459214264e-001 3.1915297123912238e+000 -5.8706665690454185e-001 7.9918119958489009e-001 1.2908195296392677e-001 -7.4157386510362522e-001 6.3003907813404025e-001 3.5092604207825223e-001 6.9274935800425086e-001 1.8744308765734823e+000 0.0000000000000000e+000 0.0000000000000000e+000 0.0000000000000000e+000 1.0000000000000000e+000</transform>
      </camera>
      <camera id="9" label="vlcsnap-2016-10-29-18h12m16s932.tiff" sensor_id="0" enabled="true">
        <transform>6.6210054112624006e-001 5.0630674540195320e-001 -5.5251819246140821e-001 2.7647507309618127e+000 -5.2624639650070870e-001 8.3902165753720426e-001 1.3822947715137057e-001 -8.3359339911490216e-001 5.3356124635355484e-001 1.9923889616238150e-001 8.2195879376379744e-001 8.7897279863460398e-001 0.0000000000000000e+000 0.0000000000000000e+000 0.0000000000000000e+000 1.0000000000000000e+000</transform>
      </camera>
      <camera id="10" label="vlcsnap-2016-10-29-18h12m30s165.tiff" sensor_id="0" enabled="true">
        <transform>8.8882019142686197e-001 3.2143647225407124e-001 -3.2661485210684182e-001 1.4130643542395120e+000 -3.2953694716938164e-001 9.4360456935016479e-001 3.1871886542441663e-002 -4.0120157054453309e-001 3.1844005363992867e-001 7.9303284965679510e-002 9.4461998773657740e-001 4.8515667799638768e-001 0.0000000000000000e+000 0.0000000000000000e+000 0.0000000000000000e+000 1.0000000000000000e+000</transform>
      </camera>
      <camera id="11" label="vlcsnap-2016-10-29-18h12m42s876.tiff" sensor_id="0" enabled="true">
        <transform>9.4532678086347233e-001 2.8349848812340728e-001 -1.6120137906992857e-001 2.1201447331281018e-001 -3.1430742839580295e-001 9.2384547108323190e-001 -2.1844996226646188e-001 4.9398556133157423e-001 8.6994929952967454e-002 2.5717339051842769e-001 9.6244154595057596e-001 8.5726685649004664e-001 0.0000000000000000e+000 0.0000000000000000e+000 0.0000000000000000e+000 1.0000000000000000e+000</transform>
      </camera>
      <camera id="12" label="vlcsnap-2016-10-29-18h12m56s175.tiff" sensor_id="0" enabled="true">
        <transform>9.3749947520107824e-001 -1.6929962950775507e-002 -3.4757461120195232e-001 5.6413188104472300e-001 -2.3675905322544014e-001 7.0097077647956407e-001 -6.7274446949598188e-001 2.0558556833054284e+000 2.5502918404272124e-001 7.1298902297028555e-001 6.5315141308151625e-001 1.8902820700776330e+000 0.0000000000000000e+000 0.0000000000000000e+000 0.0000000000000000e+000 1.0000000000000000e+000</transform>
      </camera>
      <camera id="13" label="vlcsnap-2016-10-29-18h13m06s491.tiff" sensor_id="0" enabled="true">
        <transform>7.3625645410270879e-001 -6.3733758994026363e-002 -6.7369462054895268e-001 2.0643083297414422e+000 -4.8747834566006787e-001 6.4055112049137419e-001 -5.9334570407964404e-001 1.6087553017701537e+000 4.6935199616559570e-001 7.6526614324804443e-001 4.4054106924739067e-001 2.3850342845740600e+000 0.0000000000000000e+000 0.0000000000000000e+000 0.0000000000000000e+000 1.0000000000000000e+000</transform>
      </camera>
      <camera id="14" label="vlcsnap-2016-10-29-18h13m18s488.tiff" sensor_id="0" enabled="true">
        <transform>4.8165999650608360e-001 -3.3998077595137677e-002 -8.7569845180038686e-001 2.9180621621981873e+000 -6.4876423507977199e-001 6.5794217478362582e-001 -3.8238339650454373e-001 1.0236992297334875e+000 5.8915924421765442e-001 7.5230062166718148e-001 2.9484768880229401e-001 2.9632777472916532e+000 0.0000000000000000e+000 0.0000000000000000e+000 0.0000000000000000e+000 1.0000000000000000e+000</transform>
      </camera>
      <camera id="15" label="vlcsnap-2016-10-29-18h13m37s667.tiff" sensor_id="0" enabled="true">
        <transform>9.6722098667680900e-001 -3.5346799317857794e-003 -2.5391153768531238e-001 7.5285551954709018e-001 -1.2358525119355726e-001 8.6694424614683485e-001 -4.8283989039879627e-001 1.9736063290398562e+000 2.2183383109743507e-001 4.9839259636422772e-001 8.3808983484466537e-001 9.3336697211505515e-001 0.0000000000000000e+000 0.0000000000000000e+000 0.0000000000000000e+000 1.0000000000000000e+000</transform>
      </camera>
      <camera id="16" label="vlcsnap-2016-11-02-14h02m31s664.tiff" sensor_id="0" enabled="true">
        <transform>9.8123978366262277e-001 -6.8128696744859607e-002 -1.8035234303323128e-001 7.4686666304246829e-001 -4.7633320362742336e-002 8.2080465977172967e-001 -5.6921944563431381e-001 1.8936303092116193e+000 1.8681422255532293e-001 5.6713154662464516e-001 8.0216099074574065e-001 1.0427096760623114e+000 0.0000000000000000e+000 0.0000000000000000e+000 0.0000000000000000e+000 1.0000000000000000e+000</transform>
      </camera>
    </cameras>
    <region>
      <center>4.2660622236059864e-001 -1.8096199421536807e-001 3.6909869684191898e+000</center>
      <size>3.9943619569142657e+000 2.2093792756398516e+000 9.9616010983784964e-001</size>
      <R>-8.7063698432579828e-001 2.6742417150643877e-001 -4.1288685377252538e-001 7.3576463538641682e-002 9.0067666993733519e-001 4.2821494631054091e-001 4.8639258376051209e-001 3.4244101495686424e-001 -8.0383854457103876e-001</R>
    </region>
    <settings>
      <property name="accuracy_tiepoints" value="1"/>
      <property name="accuracy_cameras" value="10"/>
      <property name="accuracy_cameras_ypr" value="2"/>
      <property name="accuracy_markers" value="0.0050000000000000001"/>
      <property name="accuracy_scalebars" value="0.001"/>
      <property name="accuracy_projections" value="0.10000000000000001"/>
    </settings>
  </chunk>
</document>
